-7.90524557780367
-7.56320732692821
-7.22116907605275
-6.87913082517728
-6.53709257430182
-6.19505432342636
-5.8530160725509
-5.51097782167544
-5.16893957079998
-4.82690131992452
-4.48486306904906
-4.1428248181736
-3.80078656729814
-3.45874831642268
-3.11671006554722
-2.77467181467176
-2.4326335637963
-2.14979817026323
-1.88376841958231
-1.6177386689014
-1.35170891822049
-1.08567916753957
-0.819649416858658
-0.553619666177744
-0.287589915496831
-0.0215601648159177
0.244469585864996
0.51049933654591
0.776529087226823
1.04255883790774
1.30858858858865
1.57461833926956
1.78048187722613
1.95506390111048
2.12964592499483
2.30422794887918
2.47880997276353
2.65339199664788
2.82797402053223
3.00255604441658
3.17713806830093
3.35172009218528
3.52630211606963
3.70088413995398
3.87546616383833
4.05004818772268
4.22463021160703
4.39921223549138
4.57379425937573
4.74837628326008
4.92295830714443
5.09754033102878
5.23850228966515
5.34538924306373
5.45227619646231
5.55916314986089
5.66605010325947
5.77293705665805
5.87982401005663
5.98671096345521
6.09359791685379
6.20048487025237
6.30737182365095
6.41425877704953
6.52114573044811
6.62803268384669
6.73491963724527
6.84180659064385
6.94869354404243
7.05558049744101
7.16246745083959
7.26935440423817
7.37624135763675
7.48312831103533
7.59001526443391
7.69690221783249
7.57795935470358
7.45325790907191
7.32855646344023
7.20385501780856
7.07915357217688
6.9544521265452
6.82975068091353
6.70504923528185
6.58034778965017
6.4556463440185
6.33094489838682
6.20624345275514
6.08154200712347
5.95684056149179
5.83213911586012
5.70743767022844
5.58273622459676
5.45803477896509
5.33333333333341
5.20863188770173
4.86877686989324
4.4797083595224
4.09063984915156
3.70157133878073
3.31250282840989
2.92343431803905
2.53436580766821
2.14529729729737
1.75622878692653
1.3671602765557
0.978091766184857
0.589023255814018
0.19995474544318
-0.189113764927658
-0.578182275298497
-0.967250785669335
-1.35586766470482
-1.70956631049649
-2.06326495628816
-2.41696360207983
-2.7706622478715
-3.12436089366317
-3.47805953945484
-3.83175818524651
-4.18545683103818
-4.53915547682985
-4.89285412262152
-5.24655276841319
-5.60025141420486
-5.95395005999653
-6.3076487057882
-6.66134735157987
-7.01504599737154
-7.36874464316321
-7.72244328895488
-8.18358265241982
-8.73939481009244
-9.29520696776506
-9.85101912543768
-10.4068312831103
-10.9626434407829
-11.5184555984555
-12.0742677561282
-12.6300799138008
-13.1858920714734
-13.741704229146
-14.2975163868186
-14.9324248900062
-15.5908485229415
-16.2492721558767
-16.907695788812
-17.5661194217473
-18.2245430546825
-18.8829666876178
-19.541390320553
-19.8451791326209
-19.5458956631049
-19.2466121935889
-18.9473287240728
-18.6480452545568
-18.3487617850408
-18.0494783155248
-17.7501948460087
-17.4509113764927
-17.1516279069767
-16.8523444374607
-16.5530609679446
-16.2537774984286
-15.9544940289126
-15.6552105593965
-15.3559270898805
-15.0566436203645
-14.7573601508485
-14.4580766813324
-13.8926964173475
-13.2941294783155
-12.6955625392834
-12.3909634551495
-12.34820867379
-12.3054538924306
-12.2626991110712
-12.2199443297117
-12.1771895483523
-12.1344347669929
-12.0916799856334
-12.048925204274
-12.0061704229146
-11.9634156415551
-11.9206608601957
-11.8779060788363
-11.8351512974768
-11.7923965161174
-11.749641734758
-11.7068869533985
-11.6641321720391
-11.6213773906796
-11.5786226093202
-11.5358678279608
-11.4931130466013
-11.4503582652419
-11.4091486835672
-11.5754172777428
-11.7416858719184
-11.9079544660939
-12.0742230602695
-12.2404916544451
-12.4067602486206
-12.5730288427962
-12.7392974369718
-12.9055660311474
-13.0718346253229
-13.2381032194985
-13.4043718136741
-13.5706404078497
-13.7369090020252
-13.9031775962008
-13.7179906203162
-13.4877725668423
-13.2575545133684
-13.0273364598946
-12.7971184064207
-12.5669003529468
-12.336682299473
-12.1064642459991
-11.8762461925252
-11.6460281390514
-11.4158100855775
-11.1855920321036
-10.9553739786298
-10.7251559251559
-10.494937871682
-10.2647198182082
-10.0345017647343
-9.80428371126042
-9.57406565778655
-9.34384760431269
-9.11362955083882
-8.89377749842862
-8.89377749842862
-8.89377749842862
-8.89377749842862
-8.89377749842862
-8.89377749842862
-8.89377749842862
-8.89377749842862
-8.89377749842862
-8.89377749842862
-8.89377749842862
-8.89377749842862
-8.89377749842862
-8.89377749842862
-8.89377749842862
-8.89377749842862
-8.89377749842862
-8.89377749842862
-8.89377749842862
-8.89377749842862
-8.89377749842862
-8.89377749842862
-8.89377749842862
-8.89377749842862
-8.97211816467626
-9.12175989943427
-9.27140163419228
-9.42104336895029
-9.5706851037083
-9.72032683846631
-9.86996857322432
-10.0196103079823
-10.1692520427403
-10.3188937774984
-10.4685355122564
-10.6181772470144
-10.7678189817724
-10.9314795725958
-11.2507152734129
-11.56995097423
-11.889186675047
-12.2084223758641
-12.5276580766812
-12.8468937774983
-13.1661294783154
-13.4853651791325
-13.8046008799496
-14.1238365807667
-14.4430722815838
-14.7623079824009
-15.081543683218
-15.4007793840351
-15.7200150848522
-16.0392507856693
-16.3584864864864
-16.6777221873035
-16.9969578881206
-17.3161935889377
-17.6354292897548
-17.9546649905719
-18.273900691389
-18.5931363922061
-18.9123720930232
-19.3348837209302
-19.771338780641
-20.2077938403519
-20.6442489000628
-21.0807039597737
-21.5171590194845
-21.9536140791954
-22.3900691389063
-22.8265241986171
-23.262979258328
-23.6994343180389
-24.1358893777498
-24.5723444374606
-25.0087994971715
-25.4452545568824
-25.8817096165932
-26.3181646763041
-26.754619736015
-27.1910747957259
-27.6275298554367
-28.0639849151476
-28.5004399748585
-28.9368950345694
-29.3733500942802
-29.8098051539911
-30.246260213702
-30.6827152734128
-31.1191703331237
-31.5556253928346
-31.9920804525455
-32.4285355122563
-32.8649905719672
-33.3014456316781
-33.737900691389
-34.1743557510998
-34.6108108108107
-35.0472658705216
-35.4837209302324
-35.9201759899433
-36.3566310496542
-36.5214833438089
-36.4716027655562
-36.4217221873035
-36.3718416090508
-36.3219610307982
-36.2720804525455
-36.2221998742928
-36.1723192960402
-36.1224387177875
-36.0725581395348
-36.0226775612822
-35.9727969830295
-35.9229164047768
-35.8730358265241
-35.8231552482715
-35.7732746700188
-35.7233940917661
-35.6735135135135
-35.6236329352608
-35.5737523570081
-35.5238717787554
-35.4739912005028
-35.4241106222501
-35.3742300439974
-35.3243494657448
-35.2744688874921
-35.2245883092394
-35.1747077309868
-35.1248271527341
-35.0749465744814
-35.0250659962287
-34.9751854179761
-34.9253048397234
-34.8754242614707
-34.8255436832181
-34.7756631049654
-34.7257825267127
-34.67590194846
-34.6260213702074
-34.5761407919547
-34.526260213702
-34.4763796354494
-34.4264990571967
-34.376618478944
-34.3267379006914
-34.2768573224387
-34.226976744186
-34.1770961659333
-34.1272155876807
-34.077335009428
-34.0274544311753
-33.9775738529227
-33.92769327467
-33.8778126964173
-33.8279321181646
-33.778051539912
-33.7281709616593
-33.6782903834066
-33.628409805154
-33.5785292269013
-33.4775704245472
-32.7429655448261
-32.0083606651049
-31.2737557853837
-30.5391509056626
-29.8045460259414
-29.0699411462203
-28.3353362664991
-27.6007313867779
-26.8661265070568
-26.1315216273356
-25.3969167476144
-24.6623118678933
-23.9277069881721
-23.193102108451
-22.4584972287298
-21.7238923490086
-20.9892874692875
-20.2546825895663
-19.7299674304325
-19.349061196503
-18.9681549625735
-18.587248728644
-18.2063424947145
-17.8254362607851
-17.4445300268556
-17.0636237929261
-16.6827175589966
-16.3018113250671
-15.9209050911376
-15.5399988572081
-15.1590926232786
-14.7781863893491
-14.3972801554196
-14.0163739214902
-13.6354676875607
-13.2545614536312
-12.8727391577624
-12.4836706473915
-12.0946021370207
-11.7055336266499
-11.316465116279
-10.9273966059082
-10.5383280955374
-10.1492595851665
-9.76019107479569
-9.37112256442485
-8.98205405405401
-8.59298554368318
-8.20391703331234
-7.81484852294151
-7.42578001257067
-7.03671150219984
-6.647642991829
-6.25857448145817
-5.86950597108733
-5.4804374607165
-5.09136895034566
-4.70230043997482
-4.31323192960399
-3.92416341923315
-3.53509490886232
-3.14602639849148
-2.75695788812065
-2.36788937774981
-1.97882086737898
-1.58975235700814
-1.2006838466373
-0.811615336266469
-0.422546825895633
-0.033478315524797
0.208020113136425
0.307781269641768
0.407542426147112
0.507303582652455
0.607064739157798
0.706825895663141
0.806587052168485
0.906348208673828
1.00610936517917
1.10587052168451
1.20563167818986
1.3053928346952
1.40515399120054
1.50491514770589
1.60467630421123
1.70443746071657
1.80419861722192
1.90395977372726
2.0037209302326
2.10348208673795
2.20324324324329
2.30300439974863
2.40276555625398
2.50252671275932
2.60228786926466
2.70204902577001
2.80181018227535
2.90157133878069
3.00133249528604
3.10109365179138
3.150500979776
3.06247642991835
2.9744518800607
2.88642733020304
2.79840278034539
2.71037823048773
2.62235368063008
2.53432913077243
2.44630458091477
2.35828003105712
2.27025548119946
2.18223093134181
2.09420638148416
2.0061818316265
1.91815728176885
1.83013273191119
1.74210818205354
1.65408363219589
1.56605908233823
1.47803453248058
1.39000998262292
1.30198543276527
1.21396088290762
1.12593633304996
1.03791178319231
0.949887233334654
0.861862683477
0.773838133619346
0.685813583761692
0.559300829068363
0.416784891203586
0.274268953338809
0.131753015474033
-0.0107629223907439
-0.153278860255521
-0.295794798120297
-0.438310735985074
-0.580826673849851
-0.723342611714627
-0.865858549579404
-1.00837448744418
-1.15089042530896
-1.29340636317373
-1.43592230103851
-1.57843823890329
-1.72095417676806
-1.86347011463284
-2.00598605249762
-2.14850199036239
-2.29101792822717
-2.43353386609195
-2.57604980395672
-2.7185657418215
-2.86108167968628
-3.00359761755105
-3.14611355541583
-3.28862949328061
-3.43114543114538
-3.57366136901016
-3.71617730687494
-3.85869324473971
-4.00120918260449
-4.14372512046927
-4.28624105833404
-4.37537258188417
-4.39199944130173
-4.40862630071929
-4.42525316013684
-4.4418800195544
-4.45850687897196
-4.47513373838951
-4.49176059780707
-4.50838745722463
-4.52501431664218
-4.54164117605974
-4.5582680354773
-4.57489489489485
-4.59152175431241
-4.60814861372997
-4.62477547314752
-4.64140233256508
-4.65802919198264
-4.6746560514002
-4.69128291081775
-4.70790977023531
-4.72453662965287
-4.74116348907042
-4.75779034848798
-4.77441720790554
-4.79104406732309
-4.80767092674065
-4.82429778615821
-4.84092464557576
-4.85755150499332
-4.87115021998738
-4.87115021998738
-4.87115021998738
-4.87115021998738
-4.87115021998738
-4.87115021998738
-4.87115021998738
-4.87115021998738
-4.87115021998738
-4.87115021998738
-4.87115021998738
-4.87115021998738
-4.87115021998738
-4.87115021998738
-4.87115021998738
-4.87115021998738
-4.87115021998738
-4.87115021998738
-4.87115021998738
-4.87115021998738
-4.86569453174102
-4.6038214959145
-4.34194846008797
-4.08007542426145
-3.81820238843492
-3.5563293526084
-3.29445631678188
-3.03258328095535
-2.77071024512883
-2.5088372093023
-2.24696417347578
-1.98509113764926
-1.72321810182273
-1.46134506599621
-1.19947203016968
-0.937598994343161
-0.675725958516637
-0.413852922690114
-0.15197988686359
0.109893148962935
0.371766184789458
0.633639220615982
0.895512256442506
1.15738529226903
1.41925832809555
1.68113136392208
1.9430043997486
2.16844751728479
2.16844751728479
2.16844751728479
2.16844751728479
2.16844751728479
2.16844751728479
2.16844751728479
2.16844751728479
2.16844751728479
2.16844751728479
2.16844751728479
2.16844751728479
2.16844751728479
2.16844751728479
2.16844751728479
2.16844751728479
2.16844751728479
2.16844751728479
2.16844751728479
2.16844751728479
2.16844751728479
2.16844751728479
2.16844751728479
2.16844751728479
2.16844751728479
2.16844751728479
2.16844751728479
2.15377450540247
2.09676813025656
2.03976175511065
1.98275537996474
1.92574900481883
1.86874262967292
1.81173625452701
1.7547298793811
1.69772350423519
1.64071712908927
1.58371075394336
1.52670437879745
1.46969800365154
1.41269162850563
1.35568525335972
1.29867887821381
1.2416725030679
1.18466612792199
1.12765975277608
1.07065337763016
1.01364700248425
0.956640627338343
0.899634252192432
0.842627877046521
0.78562150190061
0.7286151267547
0.671608751608788
0.614602376462878
0.557596001316967
0.500589626171056
0.443583251025145
0.386576875879234
0.329570500733323
0.272564125587412
0.215557750441501
0.15855137529559
0.0403972344437708
-0.0793161533626395
-0.19902954116905
-0.31874292897546
-0.43845631678187
-0.558169704588281
-0.677883092394691
-0.797596480201101
-0.917309868007511
-1.03702325581392
-1.15673664362033
-1.27645003142674
-1.39616341923315
-1.51587680703956
-1.63559019484597
-1.75530358265238
-1.87501697045879
-1.9947303582652
-2.11444374607161
-2.23415713387802
-2.35387052168443
-2.47358390949084
-2.59329729729725
-2.71301068510367
-2.83272407291008
-2.95243746071649
-3.0721508485229
-3.19186423632931
-3.31157762413572
-3.43129101194213
-3.55100439974854
-3.67071778755495
-3.79043117536136
-3.85851665619105
-3.83981143934629
-3.82110622250154
-3.80240100565679
-3.78369578881203
-3.76499057196728
-3.74628535512252
-3.72758013827777
-3.70887492143302
-3.69016970458826
-3.67146448774351
-3.65275927089876
-3.634054054054
-3.61534883720925
-3.5966436203645
-3.57793840351974
-3.55923318667499
-3.54052796983023
-3.52182275298548
-3.50311753614073
-3.48441231929597
-3.46570710245122
-3.44700188560647
-3.42829666876171
-3.40959145191696
-3.3908862350722
-3.37218101822745
-3.31365598156288
-3.21389482505754
-3.1141336685522
-3.01437251204686
-2.91461135554152
-2.81485019903618
-2.71508904253084
-2.61532788602549
-2.51556672952015
-2.41580557301481
-2.31604441650947
-2.21628326000413
-2.11652210349879
-2.01676094699345
-1.9169997904881
-1.81723863398276
-1.71747747747742
-1.61771632097208
-1.51795516446674
-1.4181940079614
-1.31843285145606
-1.21867169495072
-1.11891053844537
-1.01914938194003
-0.919388225434692
-0.819627068929351
-0.719865912424009
-0.620104755918668
-0.520343599413327
-0.420582442907986
-0.320821286402644
-0.221060129897303
-0.121298973391962
-0.0215378168866203
0.0782233396187208
0.165663676361384
0.206475058568116
0.247286440774848
0.28809782298158
0.328909205188312
0.369720587395044
0.410531969601776
0.451343351808508
0.492154734015241
0.532966116221973
0.573777498428705
0.614588880635437
0.655400262842169
0.696211645048901
0.737023027255633
0.777834409462365
0.818645791669098
0.85945717387583
0.900268556082562
0.941079938289294
0.981891320496026
1.02270270270276
1.06351408490949
1.10432546711622
1.14513684932295
1.18594823152969
1.22675961373642
1.26757099594315
1.30838237814988
1.34919376035662
1.39000514256335
1.43081652477008
1.47162790697681
1.51243928918354
1.55325067139028
1.59406205359701
1.63487343580374
1.66173409639757
1.64598233484409
1.63023057329062
1.61447881173714
1.59872705018367
1.58297528863019
1.56722352707672
1.55147176552324
1.53572000396977
1.51996824241629
1.50421648086282
1.48846471930934
1.47271295775587
1.4569611962024
1.44120943464892
1.42545767309545
1.40970591154197
1.3939541499885
1.37820238843502
1.36245062688155
1.34669886532807
1.3309471037746
1.31519534222112
1.29944358066765
1.28369181911417
1.2679400575607
1.25218829600722
1.23643653445375
1.22068477290027
1.2049330113468
1.18918124979332
1.17342948823985
1.14480061456814
1.08937774984295
1.03395488511776
0.978532020392567
0.923109155667376
0.867686290942185
0.812263426216994
0.756840561491803
0.701417696766612
0.645994832041421
0.59057196731623
0.53514910259104
0.479726237865849
0.424303373140658
0.368880508415467
0.313457643690276
0.258034778965085
0.202611914239894
0.147189049514703
0.091766184789512
0.0363433200643212
-0.0190795446608699
-0.0745024093860609
-0.129925274111252
-0.185348138836443
-0.240771003561634
-0.296193868286825
-0.351616733012016
-0.407039597737206
-0.462462462462397
-0.517885327187588
-0.573308191912779
-0.62873105663797
-0.684153921363161
-0.739576786088352
-0.794999650813543
-0.850422515538734
-0.905845380263925
-0.961268244989116
-1.01669110971431
-1.0721139744395
-1.12753683916469
-1.18295970388988
-1.23838256861507
-1.29380543334026
-1.34922829806545
-1.40368207530993
-1.45809725158557
-1.51251242786121
-1.56692760413685
-1.62134278041249
-1.67575795668813
-1.73017313296377
-1.78458830923941
-1.83900348551505
-1.89341866179069
-1.94783383806633
-2.00224901434197
-2.05666419061761
-2.11107936689325
-2.1654945431689
-2.21990971944454
-2.27432489572018
-2.32874007199582
-2.38315524827146
-2.4375704245471
-2.49198560082274
-2.54640077709838
-2.60081595337402
-2.65523112964966
-2.7096463059253
-2.76406148220094
-2.81847665847658
-2.87289183475222
-2.92730701102786
-2.9817221873035
-3.03613736357914
-3.09055253985479
-3.14496771613043
-3.19938289240607
-3.25379806868171
-3.30821324495735
-3.36262842123299
-3.1867342034236
-3.01068510370829
-2.83463600399298
-2.65858690427767
-2.48253780456236
-2.30648870484705
-2.13043960513174
-1.95439050541643
-1.77834140570112
-1.60229230598581
-1.4262432062705
-1.25019410655519
-1.07414500683988
-0.898095907124565
-0.722046807409254
-0.545997707693944
-0.369948607978633
-0.193899508263323
-0.0178504085480127
0.158198691167298
0.334247790882608
0.510296890597918
0.686345990313229
0.862395090028539
1.03844418974385
1.21449328945916
1.39054238917447
1.56659148888978
1.67916426450515
1.7101246234206
1.74108498233605
1.7720453412515
1.80300570016696
1.83396605908241
1.86492641799786
1.89588677691331
1.92684713582876
1.95780749474421
1.98876785365966
2.01972821257511
2.05068857149056
2.08164893040601
2.11260928932146
2.14356964823692
2.17453000715237
2.20549036606782
2.23645072498327
2.26741108389872
2.29837144281417
2.32933180172962
2.36029216064507
2.39125251956052
2.42221287847597
2.45317323739142
2.48413359630687
2.51509395522233
2.54605431413778
2.57701467305323
2.60797503196868
2.63893539088413
2.66989574979958
2.70085610871503
2.73181646763048
2.76277682654593
2.79373718546138
2.82469754437683
2.85565790329228
2.88661826220774
2.91757862112319
2.94853898003864
2.97949933895409
3.01045969786954
3.04142005678499
3.07238041570044
3.10334077461589
3.13430113353134
3.16526149244679
3.12733500942809
3.06186675047146
2.99639849151483
2.9309302325582
2.86546197360156
2.79999371464493
2.7345254556883
2.66905719673167
2.60358893777504
2.53812067881841
2.47265241986178
2.40718416090515
2.34171590194851
2.27624764299188
2.21077938403525
2.14531112507862
2.07984286612199
2.01437460716536
1.94890634820873
1.88343808925209
1.81796983029546
1.75250157133883
1.6870333123822
1.62156505342557
1.55609679446894
1.49062853551231
1.42516027655567
1.35969201759904
1.29422375864241
1.22875549968578
1.16328724072915
1.09781898177252
1.03235072281589
0.966882463859255
0.901414204902624
0.835945945945993
0.770477686989362
0.70500942803273
0.639541169076099
0.574072910119467
0.508604651162836
0.443136392206204
0.377668133249573
0.312199874292942
0.246731615336311
0.181263356379679
0.115795097423048
0.0503268384664162
-0.0151414204902149
-0.0806096794468465
-0.146077938403478
-0.211546197360109
-0.27701445631674
-0.342482715273372
-0.356235305072474
-0.367319878017512
-0.37840445096255
-0.389489023907587
-0.400573596852625
-0.411658169797663
-0.422742742742701
-0.433827315687739
-0.444911888632777
-0.455996461577815
-0.467081034522853
-0.478165607467891
-0.489250180412928
-0.500334753357966
-0.511419326303004
-0.522503899248042
-0.53358847219308
-0.544673045138118
-0.555757618083156
-0.566842191028194
-0.577926763973232
-0.589011336918269
-0.600095909863307
-0.611180482808345
-0.622265055753383
-0.633349628698421
-0.644434201643459
-0.655518774588497
-0.666603347533534
-0.677687920478572
-0.68877249342361
-0.699857066368648
-0.710941639313686
-0.722026212258724
-0.733110785203762
-0.7441953581488
-0.755279931093838
-0.766364504038875
-0.777449076983913
-0.788533649928951
-0.799618222873989
-0.810702795819027
-0.821787368764065
-0.832871941709103
-0.843956514654141
-0.824248466590045
-0.782967988036109
-0.741687509482174
-0.700407030928239
-0.659126552374303
-0.617846073820368
-0.576565595266432
-0.535285116712497
-0.494004638158561
-0.452724159604626
-0.41144368105069
-0.370163202496755
-0.32888272394282
-0.287602245388884
-0.246321766834949
-0.205041288281013
-0.163760809727078
-0.122480331173142
-0.0811998526192069
-0.0399193740652714
0.00136110448866394
0.0426415830425994
0.0839220615965348
0.12520254015047
0.166483018704406
0.207763497258341
0.249043975812277
0.290324454366212
0.331604932920148
0.372885411474083
0.414165890028018
0.455446368581954
0.496726847135889
0.538007325689825
0.57928780424376
0.620568282797696
0.661848761351631
0.703129239905566
0.744409718459502
0.785690197013437
0.826970675567373
0.868251154121308
0.909531632675244
0.950812111229179
0.992092589783114
1.03337306833705
1.07465354689099
1.11593402544492
1.15721450399886
1.14028147459905
1.11425682507591
1.08823217555278
1.06220752602964
1.03618287650651
1.01015822698338
0.984133577460243
0.958108927937108
0.932084278413975
0.90605962889084
0.880034979367706
0.854010329844572
0.827985680321438
0.801961030798304
0.77593638127517
0.749911731752036
0.723887082228902
0.697862432705768
0.671837783182634
0.6458131336595
0.619788484136366
0.593763834613232
0.567739185090098
0.541714535566964
0.51568988604383
0.489665236520696
0.463640586997562
0.437615937474428
0.411591287951294
0.38556663842816
0.359541988905025
0.333517339381891
0.307492689858757
0.281468040335623
0.255443390812489
0.229418741289355
0.203394091766221
0.177369442243087
0.152542534515303
0.131902295238336
0.111262055961369
0.0906218166844018
0.0699815774074347
0.0493413381304675
0.0287010988535004
0.00806085957653327
-0.0125793797004339
-0.033219618977401
-0.0538598582543681
-0.0745000975313353
-0.0951403368083025
-0.11578057608527
-0.136420815362237
-0.157061054639204
-0.177701293916171
-0.198341533193138
-0.218981772470105
-0.239622011747072
-0.260262251024039
-0.280902490301007
-0.301542729577974
-0.322182968854941
-0.342823208131908
-0.363463447408875
-0.384103686685842
-0.404743925962809
-0.425384165239777
-0.446024404516744
-0.466664643793711
-0.487304883070678
-0.507945122347645
-0.528585361624612
-0.549225600901579
-0.569865840178546
-0.590506079455514
-0.611146318732481
-0.631786558009448
-0.652426797286415
-0.673067036563382
-0.693707275840349
-0.714347515117316
-0.734987754394284
-0.755627993671251
-0.776268232948218
-0.796908472225185
-0.817548711502152
-0.838188950779119
-0.855315696245881
-0.868919490314791
-0.882523284383701
-0.896127078452611
-0.909730872521522
-0.923334666590432
-0.936938460659342
-0.950542254728252
-0.964146048797162
-0.977749842866072
-0.991353636934982
-1.00495743100389
-1.0185612250728
-1.03216501914171
-1.04576881321062
-1.05937260727953
-1.07297640134844
-1.08658019541735
-1.10018398948626
-1.11378778355517
-1.12739157762408
-1.14099537169299
-1.1545991657619
-1.16820295983081
-1.18180675389972
-1.19541054796863
-1.20901434203754
-1.22261813610646
-1.23622193017537
-1.24982572424428
-1.26342951831319
-1.2770333123821
-1.29063710645101
-1.30424090051992
-1.31784469458883
-1.33144848865774
-1.34505228272665
-1.30701922451717
-1.2244582674093
-1.14189731030143
-1.05933635319356
-0.976775396085695
-0.894214438977825
-0.811653481869955
-0.729092524762086
-0.646531567654216
-0.563970610546346
-0.481409653438476
-0.398848696330607
-0.316287739222737
-0.233726782114867
-0.151165825006997
-0.0686048678991277
0.0139560892087419
0.0965170463166118
0.179078003424481
0.261638960532351
0.344199917640221
0.42676087474809
0.50932183185596
0.59188278896383
0.6744437460717
0.75700470317957
0.839565660287439
0.922126617395309
1.00468757450318
1.08724853161105
1.16980948871892
1.25237044582679
1.33493140293466
1.41749236004253
1.5000533171504
1.58261427425827
1.66517523136614
1.74773618847401
1.83029714558188
1.91285810268975
1.99541905979762
2.07798001690548
2.16054097401335
2.24310193112122
2.32566288822909
2.40822384533696
2.49078480244483
2.5733457595527
2.65590671666057
2.6277812696418
2.57433779294251
2.52089431624321
2.46745083954392
2.41400736284463
2.36056388614534
2.30712040944605
2.25367693274676
2.20023345604747
2.14678997934818
2.09334650264889
2.03990302594959
1.9864595492503
1.93301607255101
1.87957259585172
1.82612911915243
1.77268564245314
1.71924216575385
1.66579868905456
1.61235521235526
1.55891173565597
1.50546825895668
1.45202478225739
1.3985813055581
1.34513782885881
1.29169435215952
1.23825087546023
1.18480739876093
1.13136392206164
1.07792044536235
1.02447696866306
0.97103349196377
0.917590015264479
0.864146538565188
0.810703061865896
0.757259585166605
0.703816108467314
0.650372631768023
0.596929155068732
0.543485678369441
0.49004220167015
0.436598724970858
0.383155248271567
0.329711771572276
0.276268294872985
0.222824818173693
0.169381341474402
0.117358416957493
0.0657578187650747
0.0141572205726569
-0.037443377619761
-0.0890439758121788
-0.140644574004597
-0.192245172197014
-0.243845770389432
-0.29544636858185
-0.347046966774268
-0.398647564966686
-0.450248163159104
-0.501848761351521
-0.553449359543939
-0.605049957736357
-0.656650555928775
-0.708251154121193
-0.759851752313611
-0.811452350506029
-0.863052948698446
-0.914653546890864
-0.966254145083282
-1.0178547432757
-1.06945534146812
-1.12105593966054
-1.17265653785295
-1.22425713604537
-1.27585773423779
-1.32745833243021
-1.37905893062262
-1.43065952881504
-1.48226012700746
-1.53386072519988
-1.5854613233923
-1.63706192158471
-1.68866251977713
-1.74026311796955
-1.79186371616197
-1.84346431435439
-1.8950649125468
-1.94666551073922
-1.99826610893164
-2.04986670712406
-2.10146730531647
-2.15306790350889
-2.20466850170131
-2.25626909989373
-2.30786969808615
-2.3590482176528
-2.40180299901223
-2.44455778037166
-2.4873125617311
-2.53006734309053
-2.57282212444996
-2.6155769058094
-2.65833168716883
-2.70108646852827
-2.7438412498877
-2.78659603124713
-2.82935081260657
-2.872105593966
-2.91486037532543
-2.95761515668487
-3.0003699380443
-3.04312471940373
-3.08587950076317
-3.1286342821226
-3.17138906348204
-3.21414384484147
-3.2568986262009
-3.29965340756034
-3.34240818891977
-3.3851629702792
-3.42791775163864
-3.47067253299807
-3.5134273143575
-3.55618209571694
-3.59893687707637
-3.6416916584358
-3.68444643979524
-3.72720122115467
-3.76995600251411
-3.81271078387354
-3.85546556523297
-3.77003980724909
-3.64533836161741
-3.52063691598573
-3.39593547035405
-3.27123402472238
-3.1465325790907
-3.02183113345902
-2.89712968782734
-2.77242824219566
-2.64772679656398
-2.52302535093231
-2.39832390530063
-2.27362245966895
-2.14892101403727
-2.02421956840559
-1.89951812277392
-1.77481667714224
-1.65011523151056
-1.52541378587888
-1.4007123402472
-1.27601089461553
-1.15130944898385
-1.02660800335217
-0.901906557720491
-0.777205112088813
-0.652503666457134
-0.527802220825456
-0.403100775193779
-0.2783993295621
-0.153697883930422
-0.0289964382987438
0.0957050073329341
0.220406452964612
0.34510789859629
0.469809344227969
0.594510789859647
0.719212235491325
0.843913681123003
0.968615126754681
1.09331657238636
1.1501673101674
1.12166412259444
1.09316093502149
1.06465774744853
1.03615455987557
1.00765137230262
0.979148184729661
0.950644997156704
0.922141809583748
0.893638622010791
0.865135434437835
0.836632246864878
0.808129059291922
0.779625871718966
0.751122684146009
0.722619496573053
0.694116309000096
0.66561312142714
0.637109933854183
0.608606746281227
0.58010355870827
0.551600371135314
0.523097183562357
0.494593995989401
0.466090808416445
0.437587620843488
0.409084433270532
0.380581245697575
0.352078058124619
0.323574870551662
0.295071682978706
0.266568495405749
0.238065307832793
0.209562120259837
0.18105893268688
0.133098680075488
-0.0165430546825256
-0.166184789440539
-0.315826524198553
-0.465468258956567
-0.61510999371458
-0.764751728472594
-0.914393463230607
-1.06403519798862
-1.21367693274663
-1.36331866750465
-1.51296040226266
-1.66260213702068
-1.81224387177869
-1.9618856065367
-2.11152734129472
-2.26116907605273
-2.41081081081074
-2.56045254556876
-2.71009428032677
-2.85973601508479
-3.0093777498428
-3.15901948460081
-3.30866121935883
-3.45830295411684
-3.60794468887485
-3.75758642363287
-3.90722815839088
-4.05686989314889
-4.20651162790691
-4.35615336266492
-4.36832181018224
-4.36832181018224
-4.36832181018224
-4.36832181018224
-4.36832181018224
-4.36832181018224
-4.36832181018224
-4.36832181018224
-4.36832181018224
-4.36832181018224
-4.36832181018224
-4.36832181018224
-4.36832181018224
-4.36832181018224
-4.36832181018224
-4.36832181018224
-4.36832181018224
-4.36832181018224
-4.36832181018224
-4.36832181018224
-4.36832181018224
-4.36832181018224
-4.36832181018224
-4.36832181018224
-4.36832181018224
-4.36832181018224
-4.36832181018224
-4.36832181018224
-4.36832181018224
-4.36832181018224
-4.36832181018224
-4.36832181018224
-4.36832181018224
-4.36832181018224
-4.36832181018224
-4.36832181018224
-4.36832181018224
-4.36832181018224
-4.32046313143006
-4.14719375434183
-3.9739243772536
-3.80065500016537
-3.62738562307714
-3.45411624598892
-3.28084686890069
-3.10757749181246
-2.93430811472423
-2.761038737636
-2.58776936054777
-2.41449998345954
-2.24123060637132
-2.06796122928309
-1.89469185219486
-1.72142247510663
-1.5481530980184
-1.37488372093017
-1.20161434384194
-1.02834496675372
-0.855075589665487
-0.681806212577258
-0.50853683548903
-0.335267458400802
-0.161998081312573
0.011271295775656
0.184540672863884
0.357810049952113
0.531079427040342
0.70434880412857
0.877618181216799
1.05088755830503
1.23761156505352
1.44887048471189
1.66012940437026
1.87138832402863
2.082647243687
2.29390616334537
2.50516508300374
2.71642400266211
2.92768292232048
3.13894184197885
3.35020076163722
3.56145968129559
3.77271860095396
3.98397752061233
4.1952364402707
4.40649535992907
4.61775427958744
4.82901319924581
5.04027211890418
5.25153103856255
5.46278995822092
5.67404887787929
5.88530779753767
6.09656671719604
6.30782563685441
6.51908455651278
6.73034347617115
6.94160239582952
7.15286131548789
7.15488446038384
7.10206973046924
7.04925500055465
6.99644027064006
6.94362554072547
6.89081081081088
6.83799608089628
6.78518135098169
6.7323666210671
6.67955189115251
6.62673716123792
6.57392243132332
6.52110770140873
6.46829297149414
6.41547824157955
6.36266351166496
6.30984878175036
6.25703405183577
6.20421932192118
6.15140459200659
6.098589862092
6.04577513217741
5.99296040226281
5.94014567234822
5.88733094243363
5.83451621251904
5.78170148260445
5.72888675268985
5.62845673580572
5.36907772889183
5.10969872197794
4.85031971506405
4.59094070815017
4.33156170123628
4.07218269432239
3.8128036874085
3.55342468049461
3.29404567358072
3.03466666666683
2.77528765975294
2.51590865283905
2.25652964592516
1.99715063901127
1.73777163209738
1.4783926251835
1.21901361826961
0.959634611355718
0.700255604441828
0.44087659752794
0.18149759061405
-0.077881416299839
-0.337260423213728
-0.596639430127617
-0.864955373978277
-1.43359396605875
-2.00223255813921
-2.57087115021968
-3.13950974230015
-3.70814833438062
-4.27678692646109
-4.84542551854156
-5.41406411062203
-5.98270270270249
-6.55134129478296
-7.11997988686343
-7.6886184789439
-8.25725707102437
-8.82589566310484
-9.39453425518531
-9.96317284726578
-10.5318114393462
-11.1004500314267
-11.6690886235071
-12.2377272155876
-12.806365807668
-13.3750043997485
-13.9436429918289
-14.5122815839094
-15.0809201759898
-15.6495587680702
-16.2181973601507
-16.7868359522311
-17.3554745443116
-17.924113136392
-18.4927517284725
-19.0613903205529
-19.6300289126334
-20.1475801382776
-20.5965053425517
-21.0454305468257
-21.4943557510997
-21.9432809553738
-22.3922061596478
-22.8411313639218
-23.2900565681959
-23.7389817724699
-24.1879069767439
-24.636832181018
-25.085757385292
-25.534682589566
-25.9836077938401
-26.2604148334379
-26.5347580138276
-26.8091011942173
-27.083444374607
-27.3577875549967
-27.6321307353864
-27.9064739157761
-28.1808170961658
-28.4551602765555
-28.7295034569452
-29.0038466373349
-29.2781898177246
-29.5525329981143
-29.826876178504
-30.1012193588937
-30.3755625392834
-30.6499057196731
-30.9242489000627
-31.1985920804524
-31.4729352608421
-31.4662141210978
-31.3997066834276
-31.3331992457573
-31.2666918080871
-31.2001843704169
-31.1336769327467
-31.0671694950764
-31.0006620574062
-30.934154619736
-30.8676471820657
-30.8011397443955
-30.7346323067253
-30.6681248690551
-30.6016174313848
-30.5351099937146
-30.4686025560444
-30.4020951183742
-30.3355876807039
-30.2690802430337
-30.2025728053635
-30.1360653676932
-30.069557930023
-30.0030504923528
-29.9365430546826
-29.8700356170123
-29.8035281793421
-29.7370207416719
-29.6705133040017
-29.6040058663314
-29.5374984286612
-29.4370835952231
-29.3123821495915
-29.1876807039598
-29.0629792583281
-28.9382778126964
-28.8135763670647
-28.6888749214331
-28.5641734758014
-28.4394720301697
-28.314770584538
-28.1900691389064
-28.0653676932747
-27.940666247643
-27.8159648020113
-27.6912633563796
-27.566561910748
-27.4418604651163
-27.3171590194846
-27.1924575738529
-27.0677561282212
-26.8424674508396
-26.4790518092845
-26.1156361677293
-25.7522205261741
-25.3888048846189
-25.0253892430638
-24.6619736015086
-24.2985579599534
-23.9351423183982
-23.5717266768431
-23.2083110352879
-22.8448953937327
-22.4814797521775
-22.1180641106223
-21.7546484690672
-21.391232827512
-21.0278171859568
-20.6644015444016
-20.3009859028465
-19.9375702612913
-19.5741546197361
-19.2107389781809
-18.8473233366258
-18.4839076950706
-17.7934668223043
-17.0666355391939
-16.3398042560835
-15.6129729729732
-14.8861416898628
-14.1593104067524
-13.4324791236421
-12.7056478405317
-11.9788165574213
-11.251985274311
-10.5251539912006
-9.83351351351354
-9.35964802011316
-8.88578252671278
-8.41191703331241
-7.93805153991203
-7.46418604651164
-6.99032055311127
-6.51645505971089
-6.04258956631051
-5.56872407291013
-5.09485857950975
-4.62099308610937
-4.14712759270899
-3.67326209930861
-3.19939660590823
-2.72553111250785
-2.25166561910747
-1.77780012570709
-1.30393463230671
-0.830069138906328
-0.356203645505949
-0.106256785326525
0.138611507913858
0.383479801154241
0.628348094394623
0.873216387635006
1.11808468087539
1.36295297411577
1.60782126735615
1.85268956059654
2.09755785383692
2.3424261470773
2.58729444031769
2.83216273355807
3.07703102679845
3.32189932003883
3.56676761327922
3.8116359065196
4.05650419975998
4.2322209487189
4.33785040854809
4.44347986837728
4.54910932820647
4.65473878803566
4.76036824786484
4.86599770769403
4.97162716752322
5.07725662735241
5.18288608718159
5.28851554701078
5.39414500683997
5.49977446666916
5.60540392649835
5.71103338632753
5.81666284615672
5.92229230598591
6.0279217658151
6.13355122564428
6.23918068547347
6.34481014530266
6.45043960513185
6.55606906496104
6.66169852479022
6.76732798461941
6.8729574444486
6.97858690427779
7.08421636410698
7.18984582393616
6.99467281234729
6.77852363991905
6.56237446749081
6.34622529506257
6.13007612263434
5.9139269502061
5.69777777777786
5.48162860534962
5.26547943292139
5.04933026049315
4.83318108806491
4.61703191563667
4.40088274320844
4.1847335707802
3.96858439835196
3.75243522592372
3.53628605349548
3.32013688106725
3.10398770863901
2.88783853621077
2.67168936378253
2.4555401913543
2.23939101892606
2.02324184649782
1.80709267406958
1.59094350164135
1.37479432921311
1.15864515678487
0.942495984356633
0.726346811928396
0.497031516566597
0.261880219089716
0.0267289216128354
-0.208422375864046
-0.443573673340927
-0.678724970817808
-0.913876268294689
-1.14902756577157
-1.38417886324845
-1.61933016072533
-1.85448145820221
-2.08963275567909
-2.32478405315597
-2.55993535063286
-2.79508664810974
-3.03023794558662
-3.2653892430635
-3.50054054054038
-3.73569183801726
-3.97084313549414
-4.20599443297102
-4.4411457304479
-4.67629702792479
-4.88047540140557
-4.93489057768121
-4.98930575395685
-5.04372093023249
-5.09813610650813
-5.15255128278378
-5.20696645905942
-5.26138163533506
-5.3157968116107
-5.37021198788634
-5.42462716416198
-5.47904234043763
-5.53345751671327
-5.58787269298891
-5.64228786926455
-5.6967030455402
-5.75111822181584
-5.80553339809148
-5.85994857436712
-5.89975836301412
-5.93301208184923
-5.96626580068435
-5.99951951951946
-6.03277323835457
-6.06602695718969
-6.0992806760248
-6.13253439485991
-6.16578811369503
-6.19904183253014
-6.23229555136525
-6.26554927020037
-6.29880298903548
-6.33205670787059
-6.36531042670571
-6.39856414554082
-6.43181786437593
-6.46507158321105
-6.49832530204616
-6.53157902088128
